# Created by Octave 5.2.0, Tue Jan 26 23:47:25 2021 CET <danyil@danyil-VirtualBox>
# name: error_d_sin
# type: matrix
# rows: 1
# columns: 10
 0.55030155941703929 0.55030155946758241 0.55030156360554916 0.55030156130098062 0.55030157024728477 0.55030155941703995 0.55030157581997574 0.55030157204375096 8.0483096499656401 0.55030156668312058


# name: error_d_square
# type: matrix
# rows: 1
# columns: 10
 0.55212873991686462 0.55212873991686529 0.55212873991686517 0.55212873991686495 0.55212873991686506 0.55212873991686529 0.55212873991686551 0.5521287399168654 0.55212873991686462 0.55212873991686506


# name: error_d_triangle
# type: matrix
# rows: 1
# columns: 10
 0.57011274899281195 0.57011275574608444 0.57011274947260715 0.57011274899281383 0.57011275677021311 0.57011277025087503 0.57011276680750089 0.57011274977701065 0.57011275101211667 0.57011277274244365


# name: error_f_sin
# type: matrix
# rows: 1
# columns: 10
 0.55030155944057624 0.55030155944057624 0.55030155944057624 0.55030155944057624 0.55030155944057624 0.55030155944057624 0.55030155944057624 0.55030155944057624 0.55030155944057624 0.55030155944057624


# name: error_f_square
# type: matrix
# rows: 1
# columns: 10
 8.0683700860261141 8.0683700860261141 8.0683700860261141 8.0683700860261141 8.0683700860261141 8.0683700860261141 8.0683700860261141 8.0683700860261141 8.0683700860261141 8.0683700860261141


# name: error_f_triangle
# type: matrix
# rows: 1
# columns: 10
 0.57011274925582345 0.57011274925582345 0.57011274925582345 0.57011274925582345 0.57011274925582345 0.57011274925582345 0.57011274925582345 0.57011274925582345 0.57011274925582345 0.57011274925582345


