# Created by Octave 5.2.0, Tue Jan 26 23:47:25 2021 CET <danyil@danyil-VirtualBox>
# name: params_d_sin
# type: matrix
# rows: 3
# columns: 10
 3.0178268449748753 3.0178269554643813 3.0178398924266583 3.0178251155296287 3.0179130637985421 3.0178268278740692 3.0177819750367467 3.017804492980098 2.4990852946178683 3.0179364863066884
 1000.5200508988236 1000.5203962416939 1000.5231448129668 1000.5173183846881 1000.5213120730166 1000.520050988089 1000.5245065361751 1000.5242863946688 7583.7879090769693 1000.5226098729045
 2.9703722430950865 2.9703768875248571 2.9704149920284073 2.9703638721987957 2.9702891776796903 2.9703722470860399 2.9702707916092566 2.9702834074402564 2.9567690614819728 2.9703626638721756


# name: params_d_square
# type: matrix
# rows: 4
# columns: 10
 2.9929640850711583 2.9929640871938061 2.9929640885080104 2.9929640929523549 2.9929640832859086 2.9929640992010547 2.9929640933978963 2.9929641005247221 2.9929640811745344 2.9929640979024414
 1000.0018812633415 1000.1249408310094 1000.2867339926081 1000.1765254357679 1000.2600009456387 1000.041049186887 1000.1113945451489 1000.2593245051191 1000.0584438984386 1000.124168909845
 1.0027551896473426 1.0027551748776182 1.0027551841901969 1.0027551702908957 1.0027551737120124 1.0027551677409794 1.0027551717972316 1.0027551732360114 1.0027551856278276 1.0027551573183089
 0.69996074059400337 0.70018749045624018 0.70046140370928722 0.70034899594078259 0.70050821363748006 0.70016160519319826 0.70020146283172957 0.70044249619419108 0.70030696305671647 0.70012625897708658


# name: params_d_triangle
# type: matrix
# rows: 3
# columns: 10
 3.0331393078529776 3.0331168050546853 3.0331072532519205 3.0331393517614043 3.0332773782704567 3.0331754240782898 3.0331232487753477 3.0331183552533463 3.0330869070795758 3.0330938801491047
 1001.4613677554891 1001.4661833144245 1001.4620634346318 1001.4613668440285 1001.4600111244529 1001.4716399684626 1001.4605549767281 1001.462939576828 1001.4633116294758 1001.469946215619
 3.0204300265664088 3.0204736507015624 3.0204255147147867 3.0204300217549154 3.0204598336686659 3.0204515419732432 3.0202973433391787 3.020440876326616 3.0204138092863744 3.0203389935625689


# name: params_f_sin
# type: matrix
# rows: 3
# columns: 10
 3.0178225505851892 3.0178225505851892 3.0178225505851892 3.0178225505851892 3.0178225505851892 3.0178225505851892 3.0178225505851892 3.0178225505851892 3.0178225505851892 3.0178225505851892
 1000.5197971590187 1000.5197971590187 1000.5197971590187 1000.5197971590187 1000.5197971590187 1000.5197971590187 1000.5197971590187 1000.5197971590187 1000.5197971590187 1000.5197971590187
 2.9703727470999892 2.9703727470999892 2.9703727470999892 2.9703727470999892 2.9703727470999892 2.9703727470999892 2.9703727470999892 2.9703727470999892 2.9703727470999892 2.9703727470999892


# name: params_f_square
# type: matrix
# rows: 4
# columns: 10
 0.73833508674156312 0.73833508674156312 0.73833508674156312 0.73833508674156312 0.73833508674156312 0.73833508674156312 0.73833508674156312 0.73833508674156312 0.73833508674156312 0.73833508674156312
 996.87715404480969 996.87715404480969 996.87715404480969 996.87715404480969 996.87715404480969 996.87715404480969 996.87715404480969 996.87715404480969 996.87715404480969 996.87715404480969
 1.4636330533520576 1.4636330533520576 1.4636330533520576 1.4636330533520576 1.4636330533520576 1.4636330533520576 1.4636330533520576 1.4636330533520576 1.4636330533520576 1.4636330533520576
 12.130966958307901 12.130966958307901 12.130966958307901 12.130966958307901 12.130966958307901 12.130966958307901 12.130966958307901 12.130966958307901 12.130966958307901 12.130966958307901


# name: params_f_triangle
# type: matrix
# rows: 3
# columns: 10
 3.0331592021340974 3.0331592021340974 3.0331592021340974 3.0331592021340974 3.0331592021340974 3.0331592021340974 3.0331592021340974 3.0331592021340974 3.0331592021340974 3.0331592021340974
 1001.4606224386882 1001.4606224386882 1001.4606224386882 1001.4606224386882 1001.4606224386882 1001.4606224386882 1001.4606224386882 1001.4606224386882 1001.4606224386882 1001.4606224386882
 3.0204328038009289 3.0204328038009289 3.0204328038009289 3.0204328038009289 3.0204328038009289 3.0204328038009289 3.0204328038009289 3.0204328038009289 3.0204328038009289 3.0204328038009289


