# Created by Octave 5.2.0, Tue Jan 26 23:47:25 2021 CET <danyil@danyil-VirtualBox>
# name: filter_d_sin
# type: matrix
# rows: 1
# columns: 10
 111.23140538286181 111.26002652701716 111.25111216314809 111.24226421812423 111.20609128333254 111.26221263535476 111.25527862836535 111.25919607983037 111.23769537740893 111.24940609076585


# name: filter_d_sin_error
# type: matrix
# rows: 1
# columns: 10
 0.12394752281321499 0.12394752606258196 0.12394752463722378 0.12394752050661216 0.12394754433509618 0.12394752733377967 0.12394751994783328 0.12394751787028332 0.12394752771643418 0.12394753182769458


# name: filter_d_square
# type: matrix
# rows: 1
# columns: 10
 198.87481739638409 198.8876289159104 198.90994524452699 198.92629945718525 198.90414098547672 198.89484590912707 198.89727048102216 198.94625476930216 198.88995255078802 198.85732397004915


# name: filter_d_square_error
# type: matrix
# rows: 1
# columns: 10
 0.23289138212925783 0.23289138059813647 0.23289137960251391 0.23289138126413927 0.23289137995860207 0.23289137937164514 0.23289137963607148 0.23289138559638628 0.23289138020879713 0.23289138644117896


# name: filter_d_triangle
# type: matrix
# rows: 1
# columns: 10
 102.8841088851254 102.91304496114964 102.89445258254746 102.90338649046103 102.90889485602057 102.91822588607089 102.87681702494972 102.92870914665389 102.93451485965247 102.93157792192349


# name: filter_d_triangle_error
# type: matrix
# rows: 1
# columns: 10
 0.10141033627159793 0.10141032945480918 0.10141032492157051 0.10141033098521296 0.10141033408430142 0.10141033402904362 0.10141033695428363 0.1014103367661207 0.10141033385967341 0.10141033924268364


